0.000000000000000000e+00
9.835499999999997023e-04
3.359200000000006625e-03
3.394350000000004308e-03
4.377900000000004010e-03
4.413050000000001694e-03
4.459916666666664982e-03
4.512641666666661507e-03
4.568881666666657973e-03
4.627464999999987734e-03
5.938864999999987626e-03
5.974014999999985309e-03
6.020881666666648598e-03
6.126331666666641647e-03
6.220064999999969091e-03
6.307939999999963299e-03
6.598589999999966704e-03
6.633739999999964387e-03
6.774339999999955120e-03
6.879789999999948169e-03
6.973523333333275613e-03
7.061398333333269821e-03
7.404038333333268045e-03
7.439188333333265728e-03
7.729838333333269133e-03
8.117371666666607297e-03
8.152521666666604980e-03
8.199388333333269135e-03
8.635363333333274244e-03
8.670513333333271927e-03
8.717379999999936083e-03
9.182419999999941185e-03
9.217569999999938868e-03
9.264436666666603024e-03
9.317161666666599548e-03
9.801578333333272469e-03
9.836728333333270152e-03
9.977328333333260885e-03
1.145265333333326044e-02
1.148780333333325812e-02
1.153466999999992228e-02
1.158739499999991880e-02
1.164363499999991440e-02
1.170221833333324329e-02
1.176247547619038193e-02
1.182398797619037788e-02
1.190433083333322997e-02
1.219498083333323338e-02
1.223013083333323106e-02
1.237073083333322179e-02
1.247618083333321484e-02
1.256991416666654142e-02
1.291255416666653964e-02
1.294770416666653733e-02
1.308830416666652806e-02
1.319375416666652111e-02
1.365060749999985265e-02
1.368575749999985033e-02
1.382635749999984107e-02
1.434031749999983840e-02
1.437546749999983609e-02
1.442233416666650024e-02
1.447505916666649677e-02
1.453129916666649236e-02
1.458988249999982126e-02
1.465013964285695990e-02
1.494078964285696330e-02
1.497593964285696098e-02
1.502280630952362514e-02
1.507553130952362166e-02
1.513177130952361726e-02
1.519035464285694616e-02
1.525061178571408479e-02
1.579883578571408126e-02
1.608948578571408466e-02
1.647701911904742370e-02
1.704808578571408856e-02
2.040888578571408568e-02
2.075152578571408390e-02
2.120837911904741371e-02
2.219192911904741342e-02
2.343902911904741440e-02
2.387500411904741951e-02
2.485855411904741921e-02
2.616995411904741997e-02
2.793255411904741609e-02
2.827519411904741431e-02
2.873204745238074412e-02
2.924600745238074145e-02
2.979423145238073792e-02
3.036529811904740278e-02
3.161239811904740377e-02
3.195503811904740199e-02
3.241189145238073527e-02
3.292585145238073607e-02
3.347407545238073601e-02
3.433067545238073504e-02
3.531422545238073474e-02
3.565686545238073296e-02
3.696826545238073025e-02
3.731090545238072848e-02
3.868146545238072137e-02
3.970938545238071604e-02
4.062309211904737566e-02
4.147969211904736775e-02
4.295501711904736730e-02
4.329765711904736553e-02
4.375451045238069880e-02
4.478243045238069348e-02
4.635611045238069439e-02
4.669875045238069261e-02
4.715560378571402589e-02
4.766956378571401975e-02
4.821778778571401969e-02
4.878885445238068108e-02
4.937623730952353518e-02
5.101548730952353700e-02
5.135812730952353522e-02
5.272868730952352812e-02
5.439148730952352712e-02
5.473412730952352534e-02
5.660477730952352682e-02
5.694741730952352504e-02
5.894277730952352662e-02
5.928541730952352484e-02
5.974227064285685812e-02
6.077019064285685279e-02
6.168389730952351241e-02
6.254049730952350450e-02
6.336283330952349746e-02
6.416232664285682896e-02
6.651245997619015249e-02
6.685509997619015765e-02
6.731195330952348399e-02
6.782591330952347786e-02
6.837413730952347779e-02
6.962123730952347878e-02
6.996387730952347006e-02
7.042073064285679640e-02
7.093469064285679027e-02
7.184839730952345682e-02
7.270499730952345585e-02
7.436779730952346179e-02
7.471043730952345308e-02
7.516729064285677941e-02
7.619521064285676715e-02
7.710891730952343370e-02
7.796551730952343273e-02
7.983616730952343421e-02
8.017880730952342550e-02
8.330820730952342990e-02
8.365084730952343506e-02
8.410770064285676140e-02
8.462166064285675526e-02
8.516988464285675520e-02
8.574095130952341659e-02
8.632833416666627069e-02
8.712782749999960219e-02
8.837492749999960318e-02
8.871756749999959446e-02
8.917442083333292080e-02
8.968838083333291467e-02
9.060208749999958122e-02
9.226488749999958716e-02
9.260752749999959232e-02
9.306438083333291866e-02
9.357834083333291253e-02
9.412656483333291246e-02
9.469763149999957386e-02
9.551996749999956682e-02
9.631946083333289832e-02
9.819011083333289980e-02
9.853275083333290496e-02
9.898960416666623130e-02
9.950356416666622517e-02
1.004172708333328917e-01
1.045898041666662309e-01
1.049324441666662222e-01
1.061795441666662232e-01
1.065221841666662284e-01
1.081849841666662343e-01
1.085276241666662256e-01
1.089844774999995519e-01
1.108551274999995534e-01
1.111977674999995447e-01
1.125683274999995376e-01
1.135962474999995253e-01
1.155916074999995269e-01
1.159342474999995320e-01
1.180127474999995291e-01
1.183553874999995204e-01
1.204932732142852403e-01
1.208359132142852455e-01
1.212927665476185718e-01
1.218067265476185657e-01
1.223549505476185656e-01
1.232115505476185646e-01
1.253939755476185525e-01
1.257366155476185576e-01
1.261934688809518978e-01
1.272213888809518856e-01
1.281350955476185383e-01
1.289916955476185234e-01
1.298140315476185302e-01
1.306135248809518479e-01
1.328305915476185040e-01
1.331732315476185091e-01
1.336300848809518493e-01
1.341440448809518571e-01
1.350577515476185098e-01
1.359143515476184949e-01
1.367366875476185017e-01
1.375361808809518194e-01
1.383193580238089582e-01
1.405641380238089599e-01
1.415920580238089477e-01
1.426885060238089475e-01
1.434499282460311720e-01
1.442037362460311667e-01
1.486848029126978388e-01
1.494224029126978159e-01
1.504058695793644707e-01
1.515122695793644503e-01
1.526924295793644359e-01
1.554584295793643989e-01
1.567697184682532718e-01
1.580168184682532728e-01
1.611462184682532772e-01
1.653187518015866164e-01
1.665658518015866174e-01
1.682286518015866095e-01
1.700993018015866109e-01
1.720946618015866125e-01
1.752124118015866150e-01
1.788101318015865859e-01
1.835042318015865925e-01
1.847513318015865935e-01
1.864141318015865856e-01
1.882847818015865871e-01
1.902801418015865886e-01
1.923586418015865995e-01
1.944965275158723195e-01
1.966789525158723073e-01
1.988960191825389634e-01
2.011407991825389652e-01
2.034082537279935099e-01
2.056946037279935025e-01
2.079969421895319637e-01
2.106989921895319751e-01
2.157060321895319932e-01
2.169531321895319942e-01
2.186159321895319863e-01
2.204865821895319877e-01
2.224819421895319893e-01
2.245604421895320002e-01
2.297761088561986742e-01
2.310232088561986752e-01
2.326860088561986672e-01
2.380506945704843891e-01
2.392977945704843901e-01
2.409605945704843821e-01
2.428312445704843836e-01
2.448266045704843852e-01
2.469051045704843961e-01
2.523815545704843899e-01
2.536286545704843909e-01
2.552914545704844107e-01
2.571621045704843844e-01
2.591574645704843860e-01
2.612359645704843691e-01
2.633738502847700613e-01
2.689372280625478284e-01
2.706000280625478482e-01
2.724706780625478775e-01
2.757962780625478616e-01
2.830169280625478567e-01
2.841233280625478641e-01
2.853034880625478498e-01
2.865328213958811543e-01
2.877972785387382659e-01
2.911228785387382501e-01
2.944836785387382472e-01
2.952212785387382521e-01
2.983506785387382565e-01
3.013437185387382589e-01
3.042536185387382797e-01
3.071041328244525914e-01
3.099101078244526075e-01
3.126814411577859554e-01
3.161691911577859671e-01
3.164155411577859733e-01
3.167440078244526669e-01
3.248265978244526675e-01
3.250729478244526738e-01
3.254014144911193673e-01
3.261404644911193862e-01
3.271239311577860409e-01
3.348785811577860705e-01
3.351249311577860768e-01
3.426075311577860827e-01
3.509666811577860646e-01
3.605942144911193914e-01
3.609226811577860849e-01
3.612922061577861221e-01
3.620298061577861271e-01
3.630132728244527818e-01
3.641196728244527892e-01
3.652998328244527748e-01
3.665291661577860793e-01
3.677936233006431910e-01
3.690844233006431718e-01
3.703957121895320448e-01
3.717233921895320425e-01
3.730644830986229454e-01
3.744288830986229888e-01
3.751664830986229937e-01
3.761499497652896484e-01
3.772563497652896558e-01
3.784365097652896415e-01
3.796658430986229460e-01
3.809303002414800576e-01
3.822211002414800385e-01
3.835323891303689114e-01
3.848600691303689092e-01
3.862011600394598121e-01
3.875534267061264693e-01
3.889151497830495297e-01
3.906777497830495327e-01
3.929195347830495844e-01
3.936571347830495893e-01
3.945529529648678091e-01
3.963155529648678121e-01
3.986656862982011496e-01
4.013095862982011264e-01
4.044389862982011308e-01
4.075859088788463813e-01
4.080632120038463762e-01
4.085718055522334913e-01
4.090799024272335216e-01
4.095875327302638258e-01
4.100947239067344041e-01
4.118573239067344072e-01
4.138242572400677166e-01
4.173120072400677283e-01
4.176815322400677655e-01
4.183384655734010971e-01
4.189543405734010850e-01
4.195455805734010779e-01
4.276281705734010785e-01
4.280798122400677475e-01
4.288148122400677331e-01
4.299793758764314244e-01
4.307169758764314293e-01
4.317004425430980841e-01
4.328068425430980914e-01
4.339870025430980771e-01
4.356407525430980865e-01
4.358871025430980928e-01
4.362155692097647863e-01
4.379781692097647894e-01
4.450285692097647461e-01
4.503163692097647552e-01
4.550166358764314301e-01
4.581460358764314345e-01
4.625525358764314143e-01
4.656819358764314187e-01
4.698544692097647579e-01
4.745485692097647368e-01
4.829077192097647186e-01
4.832361858764314122e-01
4.836057108764314494e-01
4.867351108764314538e-01
4.909076442097647930e-01
4.956017442097647718e-01
5.006087842097647345e-01
5.058244508764313530e-01
5.111891365907170748e-01
5.166655865907170408e-01
5.222289643684948635e-01
5.278618843684949047e-01
5.382932177018282527e-01
5.490700043684949572e-01
5.496212543684949603e-01
5.513914943684949943e-01
5.535964943684950068e-01
5.538428443684950686e-01
5.541713110351617066e-01
5.547625510351616995e-01
5.551731343684950248e-01
5.555954486542092896e-01
5.639545986542092715e-01
5.643651819875425968e-01
5.647874962732568616e-01
5.653623129399235614e-01
5.659253986542093218e-01
5.664796861542092943e-01
5.670271305986537280e-01
5.675691005986537307e-01
5.681065915077446737e-01
5.690900581744113840e-01
5.765626748410782598e-01
5.778271319839354270e-01
5.807647986506020432e-01
5.841255986506019848e-01
5.858881986506019324e-01
5.903692653172686322e-01
5.954104653172686001e-01
6.062414403172685651e-01
6.067926903172685682e-01
6.074496236506019553e-01
6.096546236506019678e-01
6.101094236506019453e-01
6.117631736506019546e-01
6.132331736506019260e-01
6.146112986506019338e-01
6.159342986506018969e-01
6.163822077415109790e-01
6.176684577415110233e-01
6.214199577415110420e-01
6.224546277415110573e-01
6.253287110748444455e-01
6.276936710748445281e-01
6.290373983475718855e-01
6.308076383475718085e-01
6.333090383475719065e-01
6.362331057388763700e-01
6.388482057388764623e-01
6.398730217388765018e-01
6.448750217388765638e-01
6.456140717388765271e-01
6.466890535570584131e-01
6.471406952237250820e-01
6.499683647889425986e-01
6.508749327889425951e-01
6.547646696310479575e-01
6.564011374881908445e-01
6.569087677912212042e-01
6.574159589676917825e-01
6.579227361105489669e-01
6.621763794438824124e-01
6.655993478649351314e-01
6.702917288173162458e-01
6.724085140025014562e-01
6.762963649115925069e-01
6.778416512752288847e-01
6.788552055609431424e-01
6.798679777831654336e-01
6.842732954302244153e-01
6.868927131517434947e-01
6.900626143565627979e-01
6.925915286422770212e-01
6.957470230242995823e-01
6.967523300950067000e-01
7.010258543055331026e-01
7.036055571357218152e-01
7.078391275060923471e-01
7.104061359094537842e-01
7.114070540196900660e-01
7.124077315390698883e-01
7.139199415390699022e-01
7.159504627511911190e-01
7.169501439106114038e-01
7.179496210534686007e-01
7.210343514882512350e-01
7.251980134600822803e-01
7.299001570842434949e-01
7.355274070842434675e-01
7.367446659077728777e-01
7.376263395919834265e-01
7.398730515919834660e-01
7.422570838500480717e-01
7.447339000662643871e-01
7.456687667329310321e-01
7.474562365003729614e-01
7.488379386742860522e-01
7.506510746742860452e-01
7.520455086365502861e-01
7.558361199268729402e-01
7.581157766432908840e-01
7.599755456573754619e-01
7.642942740524373280e-01
7.674688297342555643e-01
7.734712297342556386e-01
7.797237297342556328e-01
7.861548725913984903e-01
7.927199975913985508e-01
8.042730375913985652e-01
8.048242875913985683e-01
8.070292875913985808e-01
8.151118775913985814e-01
8.156631275913985846e-01
8.286877275913986374e-01
8.292389775913986405e-01
8.314439775913986530e-01
8.330977275913986624e-01
8.345677275913986337e-01
8.359458525913986415e-01
8.372688525913986046e-01
8.385551025913986489e-01
8.398151025913986878e-01
8.410554150913986948e-01
8.422804150913987264e-01
8.434931650913987111e-01
8.512478150913986852e-01
8.549993150913987039e-01
8.653388484247320767e-01
8.769708234247320933e-01
8.807223234247321120e-01
8.857243234247321739e-01
8.913515734247321465e-01
8.973539734247322208e-01
9.117989094247321846e-01
9.262527094247321457e-01
9.421756594247321370e-01
9.427269094247321402e-01
9.441969094247321115e-01
9.451419094247320851e-01
9.464281594247321294e-01
9.476881594247321683e-01
9.489284719247321753e-01
9.501534719247322069e-01
9.513662219247321916e-01
9.525689491974594914e-01
9.537633241974594611e-01
9.682082601974594249e-01
9.840059101974594213e-01
9.984597101974593825e-01
1.015631760197459377e+00
1.016183010197459380e+00
1.024265600197459491e+00
1.024816850197459495e+00
1.027021850197459507e+00
1.028675600197459516e+00
1.030145600197459599e+00
1.031523725197459607e+00
1.032846725197459570e+00
1.034132975197459503e+00
1.035392975197459542e+00
1.036633287697459549e+00
1.037858287697459581e+00
1.053986287697459501e+00
1.054537537697459504e+00
1.055272537697459434e+00
1.056099412697459439e+00
1.060509412697459464e+00
1.068264062697459549e+00
1.078603596030792922e+00
1.090332496030792964e+00
1.105971029364126279e+00
1.121893979364126270e+00
1.122445229364126273e+00
1.123768229364126237e+00
1.124686979364126316e+00
1.140484629364126423e+00
1.145486629364126374e+00
1.151113879364126458e+00
1.157116279364126532e+00
1.174445839364126609e+00
1.174997089364126612e+00
1.177202089364126625e+00
1.178855839364126634e+00
1.180325839364126717e+00
1.181703964364126724e+00
1.183026964364126687e+00
1.184313214364126621e+00
1.185573214364126660e+00
1.186813526864126667e+00
1.188038526864126698e+00
1.195793176864126783e+00
1.201420426864126867e+00
1.207422826864126941e+00
1.213675326864126935e+00
1.224014860197460308e+00
1.235646835197460325e+00
1.247681251864126928e+00
1.248232501864126931e+00
1.249702501864127013e+00
1.253010001864127032e+00
1.254270001864127071e+00
1.255510314364127078e+00
1.256735314364127110e+00
1.264489964364127195e+00
1.272572554364127306e+00
1.273552554364127287e+00
1.275356645273218126e+00
1.276569395273218221e+00
1.277772122545945521e+00
1.278966497545945602e+00
1.280153805238253284e+00
1.281335055238253195e+00
1.282511055238253261e+00
1.283682461488253157e+00
1.284849814429429582e+00
1.286013564429429490e+00
1.287174090745218935e+00
1.297950877411885529e+00
1.298502127411885532e+00
1.300707127411885544e+00
1.302360877411885554e+00
1.303830877411885636e+00
1.316855477411885689e+00
1.317590477411885619e+00
1.319657664911885631e+00
1.320637664911885611e+00
1.321877977411885619e+00
1.323102977411885650e+00
1.324315727411885746e+00
1.325518454684613046e+00
1.326712829684613126e+00
1.327900137376920808e+00
1.329081387376920720e+00
1.330257387376920786e+00
1.331428793626920903e+00
1.332596146568097328e+00
1.333759896568097236e+00
1.334920422883886681e+00
1.336078047883886732e+00
1.337233047883886750e+00
1.338385661520250292e+00
1.339536096302859081e+00
1.340684533802859013e+00
1.341831133802859011e+00
1.342976037649012966e+00
1.344119370982346240e+00
1.345261245982346310e+00
1.346401763223725734e+00
1.356741296557059107e+00
1.368373271557059123e+00
1.385739404890392379e+00
1.386290654890392382e+00
1.387760654890392464e+00
1.388705654890392438e+00
1.391792654890392500e+00
1.393032967390392507e+00
1.394257967390392539e+00
1.395470717390392634e+00
1.396673444663119934e+00
1.397867819663120015e+00
1.408207352996453388e+00
1.419839327996453404e+00
1.439376227996453483e+00
1.440294977996453563e+00
1.442940977996453489e+00
1.444778477996453425e+00
1.445981205269180725e+00
1.447175580269180806e+00
1.468837530269180736e+00
1.469572530269180666e+00
1.471226280269180675e+00
1.472696280269180757e+00
1.480778870269180647e+00
1.482432620269180656e+00
1.485372620269180599e+00
1.486597620269180631e+00
1.487810370269180726e+00
1.489013097541908026e+00
1.491619006632817213e+00
1.492800256632817124e+00
1.493976256632817190e+00
1.495147662882817308e+00
1.496315015823993733e+00
1.497478765823993641e+00
1.501369942294581872e+00
1.506708363347213586e+00
1.509089763347213564e+00
1.512778897962598235e+00
1.523555684629264828e+00
1.533136029456851013e+00
1.552802709456851060e+00
1.560152709456851028e+00
1.563873646956851049e+00
1.568962108495312702e+00
1.592068188495312731e+00
1.593643188495312835e+00
1.601725778495312724e+00
1.614750378495312777e+00
1.627878833040767415e+00
1.629453833040767519e+00
1.637536423040767630e+00
1.641517673040767678e+00
1.645125854858949577e+00
1.648857393320487974e+00
1.657379420347514953e+00
1.662323965802060544e+00
1.673100752468727137e+00
1.686125352468727190e+00
1.702253352468727110e+00
1.715277952468727163e+00
1.732644085802060419e+00
1.759439835802060426e+00
1.772464435802060478e+00
1.789830569135393734e+00
1.805753519135393725e+00
1.826984119135393714e+00
1.850868544135393590e+00
1.876345264135393487e+00
1.904472664135393511e+00
1.917497264135393564e+00
1.949070609135393539e+00
1.964993559135393530e+00
1.990798359135393492e+00
2.023128719135393716e+00
2.039051669135393485e+00
2.063299439135393598e+00
2.079222389135393367e+00
2.095350389135393510e+00
2.116903962468726696e+00
2.129928562468726749e+00
2.147294695802060005e+00
2.166831595802059862e+00
2.187038070802060030e+00
2.206436286802059943e+00
2.219460886802059996e+00
2.261564836802059997e+00
2.304585671802060087e+00
2.321757721802060193e+00
2.332534508468727008e+00
2.344658393468726842e+00
2.362024526802060098e+00
2.381561426802059955e+00
2.402400786802060040e+00
2.423954360135393227e+00
2.449052010135393420e+00
2.475847760135393205e+00
2.503575160135393052e+00
2.514638160135393097e+00
2.532798010135393074e+00
2.543861010135393119e+00
2.554637796802059935e+00
2.566672213468726760e+00
2.581422880135393338e+00
2.594447480135393391e+00
2.608888780135393493e+00
2.621913380135393545e+00
2.638507880135393613e+00
2.652452280135393803e+00
2.662079813468727352e+00
2.679780613468727424e+00
2.693725013468727614e+00
2.706749613468727667e+00
2.725187946802061223e+00
2.742359996802061328e+00
2.755292140802061418e+00
2.778188207468728077e+00
2.795554340802061333e+00
2.819767474135394636e+00
2.830830474135394681e+00
2.863086474135394521e+00
2.876111074135394574e+00
2.909574607468727869e+00
2.921609024135394694e+00
2.935080007468727992e+00
2.952252057468728097e+00
2.998869007468728309e+00
3.008496540802061858e+00
3.023967690802062069e+00
3.037912090802062259e+00
3.060038090802062349e+00
3.082934157468729008e+00
3.112435490802062610e+00
3.145624490802062745e+00
3.165292046357618183e+00
3.179236446357618373e+00
3.199149846357618454e+00
3.219264391812163950e+00
3.233208791812164140e+00
3.266672325145497435e+00
3.287827875145497458e+00
3.306420408478830897e+00
3.328986328478830803e+00
3.338613861812164352e+00
3.359346778478831119e+00
3.380672064193116721e+00
3.395113364193116823e+00
3.405890150859783638e+00
3.434916234193116757e+00
3.463349948478831042e+00
3.472977481812164591e+00
3.494639431812164521e+00
3.516301381812164450e+00
3.529138092923275405e+00
3.542135262923275185e+00
3.555263717468729823e+00
3.583253154968729870e+00
3.610897043857618893e+00
3.638264493857618742e+00
3.665405766584891367e+00
3.692358558251557898e+00
3.719151865943865598e+00
3.752444924277198890e+00
3.785633924277199025e+00
3.818822924277199160e+00
3.856469399277199006e+00
3.880682532610532309e+00
3.907922307610532275e+00
3.936978067610532150e+00
3.977134307610532105e+00
4.014453557610532464e+00
4.036568668721643327e+00
4.078398085388309724e+00
4.121422628245452913e+00
4.154611628245453048e+00
4.198532515745452720e+00
4.243150560189897114e+00
4.288326330189897284e+00
4.335088730189897710e+00
4.350559880189897477e+00
4.387690640189897628e+00
4.413475890189897832e+00
4.456613890189897731e+00
4.483165090189897839e+00
4.531813117189897433e+00
4.550778260047040114e+00
4.570138510047040192e+00
4.589806065602595631e+00
4.609719465602595712e+00
4.629834011057141652e+00
4.650116177723808697e+00
4.670540177723808917e+00
4.691085749152380302e+00
4.711736682485713423e+00
4.766340741309242901e+00
4.795842074642576058e+00
4.823499574642576171e+00
4.850050774642576279e+00
4.904333320097121529e+00
4.945819570097121698e+00
5.004822236763788901e+00
5.057924636763789117e+00
5.122788672763789464e+00
5.180306006097122662e+00
5.218236291811408911e+00
5.286084816811408515e+00
5.305900866811408711e+00
5.349484506811409190e+00
5.379750923478075819e+00
5.426367873478075587e+00
5.442629873478075808e+00
5.448728123478075780e+00
5.462666980620933366e+00
5.486844752049504947e+00
5.511526227049505344e+00
5.536599471493949487e+00
5.583012921493949676e+00
5.666273521493949694e+00
5.686089571493949890e+00
5.712510971493950152e+00
5.734079421493950335e+00
5.775895992922522204e+00
5.818916827922522295e+00
5.840485277922522478e+00
5.887247677922522904e+00
5.933661127922523093e+00
5.982447127922522867e+00
6.009550461255856568e+00
6.066911574589189726e+00
6.124963741255855965e+00
6.189494993755856100e+00
6.258328329755856068e+00
6.278144379755856264e+00
6.322864879755856649e+00
6.366043293548959703e+00
6.381256132258637415e+00
6.416264604480860001e+00
6.492261624480859972e+00
6.599813711980860198e+00
6.613752569123717784e+00
6.633568619123717980e+00
6.673200719123718372e+00
6.694769169123718555e+00
6.798019173123718950e+00
6.824440573123719211e+00
6.846009023123719395e+00
6.874766956457052380e+00
6.907119631457052655e+00
6.964635498123719515e+00
7.029340848123719176e+00
7.067684759234830416e+00
7.158149459234830481e+00
7.177663859234830745e+00
7.206421792568163731e+00
7.271127142568163393e+00
7.308101628282448914e+00
7.391362228282448932e+00
7.498691428282448612e+00
7.609661308282448466e+00
7.654247420782448685e+00
7.698283087449115492e+00
7.741878397449115212e+00
7.785113415630933176e+00
7.828048190630933156e+00
7.870728913707856655e+00
7.913191877993570600e+00
7.955466117993570840e+00
7.997575224243570702e+00
8.039538624243570908e+00
8.081372507576904951e+00
8.123090507576904429e+00
8.160835295076903861e+00
8.229470500959257251e+00
8.331243288459257101e+00
8.439800928459257889e+00
8.552881803459257526e+00
8.729194648459257522e+00
9.012280554709256819e+00
9.105743838042590355e+00
9.438786238042590426e+00
9.554206793042590462e+00
9.708100866375923843e+00
9.881231698875923897e+00
1.006590458687592360e+01
1.023989917224177759e+01
1.043226676390844432e+01
1.057163213313921268e+01
1.074400079980587996e+01
1.094186460837730834e+01
1.105951069928639896e+01
1.125568959428639815e+01
1.145767556553639821e+01
1.166286766331417546e+01
1.186641323831417516e+01
1.196323968831417517e+01
1.218035496831417497e+01
1.232831480831417537e+01
1.242739505831417546e+01
1.265355680831417473e+01
1.269657764331417482e+01
1.292250602664750758e+01
1.314375603521893687e+01
1.336507363521893765e+01
1.358293314771893812e+01
1.379810303660782722e+01
1.401112122660782688e+01
1.422237893569873535e+01
1.443216957736540174e+01
1.462576333486540214e+01
1.483431261178847826e+01
1.528120391948078627e+01
1.572015049281412047e+01
1.599759365645048348e+01
1.619741909645048494e+01
1.666197032721971638e+01
1.746078853971971512e+01
1.791264530638638064e+01
1.871570089305304663e+01
1.907062278180304560e+01
2.047900750907577105e+01
2.152752526607577011e+01
2.299247846415269336e+01
2.364315220815269214e+01
2.406926333577174049e+01
2.627641774486264836e+01
2.905334505361264874e+01
3.091561849111264948e+01
3.244778441703857652e+01
3.620912511037190740e+01
3.709052758354263801e+01
3.832242577941565287e+01
3.990597921155048766e+01
4.258897201622202289e+01
4.346508550737067367e+01
4.396122189022781868e+01
4.843013496715089872e+01
5.092795296715090103e+01
5.256848080848423166e+01
6.197274976473423180e+01
6.376984867673423452e+01
6.785979792473423799e+01
6.979760597082119489e+01
7.395071585697503735e+01
8.003575504216021841e+01
8.759640065906162931e+01
9.064343478472534343e+01
9.392292288825476021e+01
1.006462151206871880e+02
1.067797459873538486e+02
1.123448327231051422e+02
1.171585424781712277e+02
1.254804266794007361e+02
1.448920408508292894e+02
1.726966816136611556e+02
1.789670632064816687e+02
5.167948243493386826e+02
5.416545145603731726e+02
1.000000000000000000e+04
